# beCloud

В данном репозитории содержится информация о базовых станциях компании beCloud.

## Статистика

### Глобально

<!-- prettier-ignore -->
| &nbsp;                  |                800 МГц | 1800 МГц |                2600 МГц | &nbsp; |
| :---------------------- | ---------------------: | -------: | ----------------------: | -----: |
| **Минская область**     |   392 |   1103 | 634 | 2129 |
| **Брестская область**   |   308 |   318 | 233 | 859 |
| **Витебская область**   | 304 | 285 | 233 | 822 |
| **Гомельская область**  |   392 |   331 | 135 | 858 |
| **Гродненская область** |  247 |  247 | 188 | 682 |
| **Могилевская область** | 262 | 233 | 124 | 619 |
| &nbsp;                  |   1905 |   2517 | 1547 | 5969 |

### МТС

<!-- prettier-ignore -->
| &nbsp;                  |                800 МГц | 1800 МГц |                2600 МГц | &nbsp; |
| :---------------------- | ---------------------: | -------: | ----------------------: | -----: |
| **Минская область**     | 321 | 1070 | 616 | 2007 |
| **Брестская область**   |   221 |   318 | 233 | 772 |
| **Витебская область**   | 207 | 285 | 228 | 720 |
| **Гомельская область**  |   311 |   330 | 135 | 776 |
| **Гродненская область** |  153 |  247 | 188 | 588 |
| **Могилевская область** | 176 | 225 | 124 | 525 |
| &nbsp;                  |   1389 |   2475 | 1524 | 5388 |

### A1

<!-- prettier-ignore -->
| &nbsp;                  |                800 МГц | 1800 МГц |                2600 МГц | &nbsp; |
| :---------------------- | ---------------------: | -------: | ----------------------: | -----: |
| **Минская область**     |   392 |   1063 | 634 | 2089 |
| **Брестская область**   |   308 |   318 | 233 | 859 |
| **Витебская область**   | 304 | 284 | 233 | 821 |
| **Гомельская область**  |   392 |   331 | 135 | 858 |
| **Гродненская область** |  247 |  247 | 188 | 682 |
| **Могилевская область** | 262 | 233 | 124 | 619 |
| &nbsp;                  |   1905 |   2476 | 1547 | 5928 |

### Life:)

<!-- prettier-ignore -->
| &nbsp;                  |                800 МГц | 1800 МГц |                2600 МГц | &nbsp; |
| :---------------------- | ---------------------: | -------: | ----------------------: | -----: |
| **Минская область**     |   392 |   1101 | 509 | 2002 |
| **Брестская область**   |   308 |   318 | 86 | 712 |
| **Витебская область**   | 304 | 285 | 112 | 701 |
| **Гомельская область**  |   392 |   330 | 98 | 820 |
| **Гродненская область** |  247 |  247 | 110 | 604 |
| **Могилевская область** | 262 | 225 | 99 | 586 |
| &nbsp;                  |   1905 |   2506 | 1014 | 5425 |

## Источник

Сайт компании [beCloud](https://becloud.by/customers/ob-lte-advanced).
