# beCloud

В данном репозитории содержится информация о базовых станциях компании beCloud.

## Статистика

### Глобально

<!-- prettier-ignore -->
| &nbsp;                  |                800 МГц | 1800 МГц |                2600 МГц | &nbsp; |
| :---------------------- | ---------------------: | -------: | ----------------------: | -----: |
| **Минская область**     |   392 |   1103 | 634 | 2129 |
| **Брестская область**   |   308 |   318 | 233 | 859 |
| **Витебская область**   | 304 | 285 | 232 | 821 |
| **Гомельская область**  |   392 |   330 | 134 | 856 |
| **Гродненская область** |  252 |  247 | 189 | 688 |
| **Могилевская область** | 262 | 234 | 124 | 620 |
| &nbsp;                  |   1910 |   2517 | 1546 | 5973 |

### МТС

<!-- prettier-ignore -->
| &nbsp;                  |                800 МГц | 1800 МГц |                2600 МГц | &nbsp; |
| :---------------------- | ---------------------: | -------: | ----------------------: | -----: |
| **Минская область**     | 321 | 1070 | 616 | 2007 |
| **Брестская область**   |   221 |   318 | 233 | 772 |
| **Витебская область**   | 207 | 285 | 228 | 720 |
| **Гомельская область**  |   311 |   329 | 134 | 774 |
| **Гродненская область** |  155 |  247 | 188 | 590 |
| **Могилевская область** | 176 | 226 | 124 | 526 |
| &nbsp;                  |   1391 |   2475 | 1523 | 5389 |

### A1

<!-- prettier-ignore -->
| &nbsp;                  |                800 МГц | 1800 МГц |                2600 МГц | &nbsp; |
| :---------------------- | ---------------------: | -------: | ----------------------: | -----: |
| **Минская область**     |   392 |   1063 | 634 | 2089 |
| **Брестская область**   |   308 |   318 | 233 | 859 |
| **Витебская область**   | 304 | 284 | 232 | 820 |
| **Гомельская область**  |   392 |   330 | 134 | 856 |
| **Гродненская область** |  252 |  247 | 189 | 688 |
| **Могилевская область** | 262 | 234 | 124 | 620 |
| &nbsp;                  |   1910 |   2476 | 1546 | 5932 |

### Life:)

<!-- prettier-ignore -->
| &nbsp;                  |                800 МГц | 1800 МГц |                2600 МГц | &nbsp; |
| :---------------------- | ---------------------: | -------: | ----------------------: | -----: |
| **Минская область**     |   392 |   1102 | 509 | 2003 |
| **Брестская область**   |   308 |   318 | 86 | 712 |
| **Витебская область**   | 304 | 285 | 112 | 701 |
| **Гомельская область**  |   392 |   330 | 97 | 819 |
| **Гродненская область** |  252 |  247 | 110 | 609 |
| **Могилевская область** | 262 | 234 | 99 | 595 |
| &nbsp;                  |   1910 |   2516 | 1013 | 5439 |

## Источник

Сайт компании [beCloud](https://becloud.by/customers/ob-lte-advanced).
