# beCloud

В данном репозитории содержится информация о базовых станциях компании beCloud.

## Статистика

### Глобально

<!-- prettier-ignore -->
| &nbsp;                  |                800 МГц | 1800 МГц |                2600 МГц | &nbsp; |
| :---------------------- | ---------------------: | -------: | ----------------------: | -----: |
| **Минская область**     |   391 |   1106 | 634 | 2131 |
| **Брестская область**   |   308 |   317 | 232 | 857 |
| **Витебская область**   | 304 | 286 | 233 | 823 |
| **Гомельская область**  |   392 |   330 | 174 | 896 |
| **Гродненская область** |  252 |  247 | 189 | 688 |
| **Могилевская область** | 262 | 235 | 124 | 621 |
| &nbsp;                  |   1909 |   2521 | 1586 | 6016 |

### МТС

<!-- prettier-ignore -->
| &nbsp;                  |                800 МГц | 1800 МГц |                2600 МГц | &nbsp; |
| :---------------------- | ---------------------: | -------: | ----------------------: | -----: |
| **Минская область**     | 320 | 1078 | 616 | 2014 |
| **Брестская область**   |   221 |   317 | 232 | 770 |
| **Витебская область**   | 207 | 286 | 228 | 721 |
| **Гомельская область**  |   311 |   330 | 134 | 775 |
| **Гродненская область** |  155 |  247 | 188 | 590 |
| **Могилевская область** | 176 | 235 | 124 | 535 |
| &nbsp;                  |   1390 |   2493 | 1522 | 5405 |

### A1

<!-- prettier-ignore -->
| &nbsp;                  |                800 МГц | 1800 МГц |                2600 МГц | &nbsp; |
| :---------------------- | ---------------------: | -------: | ----------------------: | -----: |
| **Минская область**     |   391 |   1099 | 634 | 2124 |
| **Брестская область**   |   308 |   317 | 232 | 857 |
| **Витебская область**   | 304 | 285 | 233 | 822 |
| **Гомельская область**  |   392 |   330 | 174 | 896 |
| **Гродненская область** |  252 |  247 | 189 | 688 |
| **Могилевская область** | 262 | 235 | 124 | 621 |
| &nbsp;                  |   1909 |   2513 | 1586 | 6008 |

### Life:)

<!-- prettier-ignore -->
| &nbsp;                  |                800 МГц | 1800 МГц |                2600 МГц | &nbsp; |
| :---------------------- | ---------------------: | -------: | ----------------------: | -----: |
| **Минская область**     |   391 |   1101 | 513 | 2005 |
| **Брестская область**   |   308 |   317 | 89 | 714 |
| **Витебская область**   | 304 | 285 | 119 | 708 |
| **Гомельская область**  |   392 |   330 | 97 | 819 |
| **Гродненская область** |  252 |  247 | 111 | 610 |
| **Могилевская область** | 262 | 235 | 99 | 596 |
| &nbsp;                  |   1909 |   2515 | 1028 | 5452 |

## Источник

Сайт компании [beCloud](https://becloud.by/customers/ob-lte-advanced).
