# beCloud

В данном репозитории содержится информация о базовых станциях компании beCloud.

## Статистика

### Глобально

<!-- prettier-ignore -->
| &nbsp;                  |                800 МГц | 1800 МГц |                2600 МГц | &nbsp; |
| :---------------------- | ---------------------: | -------: | ----------------------: | -----: |
| **Минская область**     |   392 |   1104 | 634 | 2130 |
| **Брестская область**   |   308 |   318 | 233 | 859 |
| **Витебская область**   | 304 | 286 | 234 | 824 |
| **Гомельская область**  |   392 |   330 | 135 | 857 |
| **Гродненская область** |  171 |  247 | 188 | 606 |
| **Могилевская область** | 262 | 225 | 124 | 611 |
| &nbsp;                  |   1829 |   2510 | 1548 | 5887 |

### МТС

<!-- prettier-ignore -->
| &nbsp;                  |                800 МГц | 1800 МГц |                2600 МГц | &nbsp; |
| :---------------------- | ---------------------: | -------: | ----------------------: | -----: |
| **Минская область**     | 321 | 1072 | 615 | 2008 |
| **Брестская область**   |   221 |   318 | 233 | 772 |
| **Витебская область**   | 207 | 286 | 233 | 726 |
| **Гомельская область**  |   311 |   330 | 135 | 776 |
| **Гродненская область** |  117 |  247 | 188 | 552 |
| **Могилевская область** | 176 | 225 | 124 | 525 |
| &nbsp;                  |   1353 |   2478 | 1528 | 5359 |

### A1

<!-- prettier-ignore -->
| &nbsp;                  |                800 МГц | 1800 МГц |                2600 МГц | &nbsp; |
| :---------------------- | ---------------------: | -------: | ----------------------: | -----: |
| **Минская область**     |   392 |   1064 | 633 | 2089 |
| **Брестская область**   |   308 |   318 | 233 | 859 |
| **Витебская область**   | 304 | 285 | 234 | 823 |
| **Гомельская область**  |   392 |   330 | 135 | 857 |
| **Гродненская область** |  171 |  247 | 188 | 606 |
| **Могилевская область** | 262 | 225 | 124 | 611 |
| &nbsp;                  |   1829 |   2469 | 1547 | 5845 |

### Life:)

<!-- prettier-ignore -->
| &nbsp;                  |                800 МГц | 1800 МГц |                2600 МГц | &nbsp; |
| :---------------------- | ---------------------: | -------: | ----------------------: | -----: |
| **Минская область**     |   392 |   1071 | 506 | 1969 |
| **Брестская область**   |   308 |   318 | 85 | 711 |
| **Витебская область**   | 304 | 285 | 102 | 691 |
| **Гомельская область**  |   392 |   330 | 98 | 820 |
| **Гродненская область** |  171 |  247 | 111 | 529 |
| **Могилевская область** | 262 | 225 | 101 | 588 |
| &nbsp;                  |   1829 |   2476 | 1003 | 5308 |

## Источник

Сайт компании [beCloud](https://becloud.by/customers/ob-lte-advanced).
