# beCloud

В данном репозитории содержится информация о базовых станциях компании beCloud.

## Статистика

### Глобально

<!-- prettier-ignore -->
| &nbsp;                  |                800 МГц | 1800 МГц |                2600 МГц | &nbsp; |
| :---------------------- | ---------------------: | -------: | ----------------------: | -----: |
| **Минская область**     |   395 |   1102 | 634 | 2131 |
| **Брестская область**   |   308 |   317 | 232 | 857 |
| **Витебская область**   | 305 | 286 | 232 | 823 |
| **Гомельская область**  |   392 |   330 | 174 | 896 |
| **Гродненская область** |  252 |  247 | 189 | 688 |
| **Могилевская область** | 263 | 234 | 124 | 621 |
| &nbsp;                  |   1915 |   2516 | 1585 | 6016 |

### МТС

<!-- prettier-ignore -->
| &nbsp;                  |                800 МГц | 1800 МГц |                2600 МГц | &nbsp; |
| :---------------------- | ---------------------: | -------: | ----------------------: | -----: |
| **Минская область**     | 321 | 1069 | 616 | 2006 |
| **Брестская область**   |   221 |   317 | 232 | 770 |
| **Витебская область**   | 208 | 285 | 228 | 721 |
| **Гомельская область**  |   311 |   329 | 134 | 774 |
| **Гродненская область** |  155 |  247 | 188 | 590 |
| **Могилевская область** | 177 | 226 | 124 | 527 |
| &nbsp;                  |   1393 |   2473 | 1522 | 5388 |

### A1

<!-- prettier-ignore -->
| &nbsp;                  |                800 МГц | 1800 МГц |                2600 МГц | &nbsp; |
| :---------------------- | ---------------------: | -------: | ----------------------: | -----: |
| **Минская область**     |   395 |   1095 | 634 | 2124 |
| **Брестская область**   |   308 |   317 | 232 | 857 |
| **Витебская область**   | 305 | 285 | 232 | 822 |
| **Гомельская область**  |   392 |   330 | 174 | 896 |
| **Гродненская область** |  252 |  247 | 189 | 688 |
| **Могилевская область** | 263 | 234 | 124 | 621 |
| &nbsp;                  |   1915 |   2508 | 1585 | 6008 |

### Life:)

<!-- prettier-ignore -->
| &nbsp;                  |                800 МГц | 1800 МГц |                2600 МГц | &nbsp; |
| :---------------------- | ---------------------: | -------: | ----------------------: | -----: |
| **Минская область**     |   391 |   1101 | 513 | 2005 |
| **Брестская область**   |   308 |   317 | 89 | 714 |
| **Витебская область**   | 304 | 285 | 119 | 708 |
| **Гомельская область**  |   392 |   330 | 97 | 819 |
| **Гродненская область** |  252 |  247 | 111 | 610 |
| **Могилевская область** | 263 | 234 | 99 | 596 |
| &nbsp;                  |   1910 |   2514 | 1028 | 5452 |

## Источник

Сайт компании [beCloud](https://becloud.by/customers/ob-lte-advanced).
