# beCloud

В данном репозитории содержится информация о базовых станциях компании beCloud.

## Статистика

### Глобально

<!-- prettier-ignore -->
| &nbsp;                  |                800 МГц | 1800 МГц |                2600 МГц | &nbsp; |
| :---------------------- | ---------------------: | -------: | ----------------------: | -----: |
| **Минская область**     |   392 |   1105 | 635 | 2132 |
| **Брестская область**   |   308 |   318 | 233 | 859 |
| **Витебская область**   | 304 | 285 | 233 | 822 |
| **Гомельская область**  |   392 |   331 | 135 | 858 |
| **Гродненская область** |  247 |  247 | 188 | 682 |
| **Могилевская область** | 262 | 233 | 124 | 619 |
| &nbsp;                  |   1905 |   2519 | 1548 | 5972 |

### МТС

<!-- prettier-ignore -->
| &nbsp;                  |                800 МГц | 1800 МГц |                2600 МГц | &nbsp; |
| :---------------------- | ---------------------: | -------: | ----------------------: | -----: |
| **Минская область**     | 321 | 1072 | 616 | 2009 |
| **Брестская область**   |   221 |   318 | 233 | 772 |
| **Витебская область**   | 207 | 285 | 228 | 720 |
| **Гомельская область**  |   310 |   330 | 135 | 775 |
| **Гродненская область** |  153 |  247 | 188 | 588 |
| **Могилевская область** | 176 | 225 | 124 | 525 |
| &nbsp;                  |   1388 |   2477 | 1524 | 5389 |

### A1

<!-- prettier-ignore -->
| &nbsp;                  |                800 МГц | 1800 МГц |                2600 МГц | &nbsp; |
| :---------------------- | ---------------------: | -------: | ----------------------: | -----: |
| **Минская область**     |   392 |   1065 | 634 | 2091 |
| **Брестская область**   |   308 |   318 | 233 | 859 |
| **Витебская область**   | 304 | 284 | 233 | 821 |
| **Гомельская область**  |   392 |   331 | 135 | 858 |
| **Гродненская область** |  247 |  247 | 188 | 682 |
| **Могилевская область** | 262 | 233 | 124 | 619 |
| &nbsp;                  |   1905 |   2478 | 1547 | 5930 |

### Life:)

<!-- prettier-ignore -->
| &nbsp;                  |                800 МГц | 1800 МГц |                2600 МГц | &nbsp; |
| :---------------------- | ---------------------: | -------: | ----------------------: | -----: |
| **Минская область**     |   392 |   1104 | 509 | 2005 |
| **Брестская область**   |   308 |   318 | 85 | 711 |
| **Витебская область**   | 304 | 285 | 112 | 701 |
| **Гомельская область**  |   391 |   331 | 98 | 820 |
| **Гродненская область** |  247 |  247 | 111 | 605 |
| **Могилевская область** | 262 | 225 | 101 | 588 |
| &nbsp;                  |   1904 |   2510 | 1016 | 5430 |

## Источник

Сайт компании [beCloud](https://becloud.by/customers/ob-lte-advanced).
