# beCloud

В данном репозитории содержится информация о базовых станциях компании beCloud.

## Статистика

### Глобально

<!-- prettier-ignore -->
| &nbsp;                  |                800 МГц | 1800 МГц |                2600 МГц | &nbsp; |
| :---------------------- | ---------------------: | -------: | ----------------------: | -----: |
| **Минская область**     |   392 |   1105 | 635 | 2132 |
| **Брестская область**   |   308 |   318 | 233 | 859 |
| **Витебская область**   | 304 | 286 | 234 | 824 |
| **Гомельская область**  |   392 |   331 | 135 | 858 |
| **Гродненская область** |  247 |  247 | 188 | 682 |
| **Могилевская область** | 262 | 233 | 124 | 619 |
| &nbsp;                  |   1905 |   2520 | 1549 | 5974 |

### МТС

<!-- prettier-ignore -->
| &nbsp;                  |                800 МГц | 1800 МГц |                2600 МГц | &nbsp; |
| :---------------------- | ---------------------: | -------: | ----------------------: | -----: |
| **Минская область**     | 321 | 1073 | 616 | 2010 |
| **Брестская область**   |   221 |   318 | 233 | 772 |
| **Витебская область**   | 207 | 286 | 233 | 726 |
| **Гомельская область**  |   311 |   331 | 135 | 777 |
| **Гродненская область** |  153 |  247 | 188 | 588 |
| **Могилевская область** | 176 | 233 | 124 | 533 |
| &nbsp;                  |   1389 |   2488 | 1529 | 5406 |

### A1

<!-- prettier-ignore -->
| &nbsp;                  |                800 МГц | 1800 МГц |                2600 МГц | &nbsp; |
| :---------------------- | ---------------------: | -------: | ----------------------: | -----: |
| **Минская область**     |   392 |   1065 | 634 | 2091 |
| **Брестская область**   |   308 |   318 | 233 | 859 |
| **Витебская область**   | 304 | 285 | 234 | 823 |
| **Гомельская область**  |   392 |   331 | 135 | 858 |
| **Гродненская область** |  247 |  247 | 188 | 682 |
| **Могилевская область** | 262 | 233 | 124 | 619 |
| &nbsp;                  |   1905 |   2479 | 1548 | 5932 |

### Life:)

<!-- prettier-ignore -->
| &nbsp;                  |                800 МГц | 1800 МГц |                2600 МГц | &nbsp; |
| :---------------------- | ---------------------: | -------: | ----------------------: | -----: |
| **Минская область**     |   392 |   1072 | 511 | 1975 |
| **Брестская область**   |   308 |   318 | 85 | 711 |
| **Витебская область**   | 304 | 285 | 114 | 703 |
| **Гомельская область**  |   392 |   331 | 98 | 821 |
| **Гродненская область** |  247 |  247 | 111 | 605 |
| **Могилевская область** | 262 | 233 | 101 | 596 |
| &nbsp;                  |   1905 |   2486 | 1020 | 5411 |

## Источник

Сайт компании [beCloud](https://becloud.by/customers/ob-lte-advanced).
