# beCloud

В данном репозитории содержится информация о базовых станциях компании beCloud.

## Статистика

### Глобально

<!-- prettier-ignore -->
| &nbsp;                  |                800 МГц | 1800 МГц |                2600 МГц | &nbsp; |
| :---------------------- | ---------------------: | -------: | ----------------------: | -----: |
| **Минская область**     |   391 |   1102 | 634 | 2127 |
| **Брестская область**   |   308 |   317 | 232 | 857 |
| **Витебская область**   | 304 | 285 | 232 | 821 |
| **Гомельская область**  |   392 |   330 | 134 | 856 |
| **Гродненская область** |  252 |  247 | 189 | 688 |
| **Могилевская область** | 262 | 234 | 124 | 620 |
| &nbsp;                  |   1909 |   2515 | 1545 | 5969 |

### МТС

<!-- prettier-ignore -->
| &nbsp;                  |                800 МГц | 1800 МГц |                2600 МГц | &nbsp; |
| :---------------------- | ---------------------: | -------: | ----------------------: | -----: |
| **Минская область**     | 320 | 1069 | 616 | 2005 |
| **Брестская область**   |   221 |   317 | 232 | 770 |
| **Витебская область**   | 207 | 285 | 228 | 720 |
| **Гомельская область**  |   311 |   329 | 134 | 774 |
| **Гродненская область** |  155 |  247 | 188 | 590 |
| **Могилевская область** | 176 | 226 | 124 | 526 |
| &nbsp;                  |   1390 |   2473 | 1522 | 5385 |

### A1

<!-- prettier-ignore -->
| &nbsp;                  |                800 МГц | 1800 МГц |                2600 МГц | &nbsp; |
| :---------------------- | ---------------------: | -------: | ----------------------: | -----: |
| **Минская область**     |   391 |   1095 | 634 | 2120 |
| **Брестская область**   |   308 |   317 | 232 | 857 |
| **Витебская область**   | 304 | 284 | 232 | 820 |
| **Гомельская область**  |   392 |   330 | 134 | 856 |
| **Гродненская область** |  252 |  247 | 189 | 688 |
| **Могилевская область** | 262 | 234 | 124 | 620 |
| &nbsp;                  |   1909 |   2507 | 1545 | 5961 |

### Life:)

<!-- prettier-ignore -->
| &nbsp;                  |                800 МГц | 1800 МГц |                2600 МГц | &nbsp; |
| :---------------------- | ---------------------: | -------: | ----------------------: | -----: |
| **Минская область**     |   391 |   1101 | 509 | 2001 |
| **Брестская область**   |   308 |   317 | 86 | 711 |
| **Витебская область**   | 304 | 285 | 112 | 701 |
| **Гомельская область**  |   392 |   330 | 97 | 819 |
| **Гродненская область** |  252 |  247 | 110 | 609 |
| **Могилевская область** | 262 | 234 | 99 | 595 |
| &nbsp;                  |   1909 |   2514 | 1013 | 5436 |

## Источник

Сайт компании [beCloud](https://becloud.by/customers/ob-lte-advanced).
